%YAML:1.0
---
calibModel: eucm
rectiModel: EPED
calibCols: 1120
calibRows: 1120
rectiCols: 704
rectiRows: 960
calibParam1: !!opencv-matrix
   rows: 1
   cols: 6
   dt: d
   data: [ 326.5, 326.5,
       559.5, 559.5,
       0.652, 1.077 ]
calibParam2: !!opencv-matrix
   rows: 1
   cols: 6
   dt: d
   data: [ 326.5, 326.5,
       559.5, 559.5,
       0.652, 1.077 ]
rectiParam1: !!opencv-matrix
   rows: 1
   cols: 4
   dt: d
   data: [ 2.9150000000000000e+02, 2.9150000000000000e+02, 352., 480. ]
rectiParam2: !!opencv-matrix
   rows: 1
   cols: 4
   dt: d
   data: [ 2.9150000000000000e+02, 2.9150000000000000e+02, 352., 480. ]
trans: !!opencv-matrix
   rows: 1
   cols: 3
   dt: d
   data: [ 0., 0., 0. ]
rvec: !!opencv-matrix
   rows: 1
   cols: 3
   dt: d
   data: [ 6.3453587338230450e-04, 6.1310290234898720e-03,
       -9.8830709823880657e-03 ]
quat: !!opencv-matrix
   rows: 1
   cols: 4
   dt: d
   data: [ 3.1726614324141013e-04, 3.0654971830281806e-03,
       -4.9415075577203746e-03, 9.9998304164234320e-01 ]
rmat: !!opencv-matrix
   rows: 3
   cols: 3
   dt: d
   data: [ 1., 0., 0.,
           0., 1., 0.,
           0., 0., 1. ]
euler: !!opencv-matrix
   rows: 1
   cols: 3
   dt: d
   data: [ 3.4620205594956287e-02, 3.5145600183822712e-01,
       -5.6615386707649762e-01 ]
rvec1: !!opencv-matrix
   rows: 1
   cols: 3
   dt: d
   data: [ 3.0244229146641666e-03, -8.4228213735227120e-01,
       6.2191601471729872e+00 ]
quat1: !!opencv-matrix
   rows: 1
   cols: 4
   dt: d
   data: [ 1.7461954721421713e-06, -4.8630409701616871e-04,
       3.5907244442784534e-03, -9.9999343508007155e-01 ]
rmat1: !!opencv-matrix
   rows: 3
   cols: 3
   dt: d
   data: [ 9.9997374041258102e-01, 7.1814000445559589e-03,
       9.7261434915095458e-04, -7.1814034412840079e-03,
       9.9997421338983228e-01, 0., -9.7258926872388922e-04,
       -6.9847360340348692e-06, 9.9999952701055206e-01 ]
euler1: !!opencv-matrix
   rows: 1
   cols: 3
   dt: d
   data: [ -4.0019608504516022e-04, 5.5725269082962520e-02,
       -4.1146783957088656e-01 ]
rvec2: !!opencv-matrix
   rows: 1
   cols: 3
   dt: d
   data: [ 7.0214514782726611e-01, 5.5252547771634521e+00,
       -2.8954086537905881e+00 ]
quat2: !!opencv-matrix
   rows: 1
   cols: 4
   dt: d
   data: [ 3.2761450657232890e-04, 2.5780333640532701e-03,
       -1.3509712064124569e-03, -9.9999571063555481e-01 ]
rmat2: !!opencv-matrix
   rows: 3
   cols: 3
   dt: d
   data: [ 9.9998305724154657e-01, -2.7002416209522119e-03,
       -5.1569298073876040e-03, 2.7036200254661781e-03,
       9.9999613509106922e-01, 6.4826050494061222e-04,
       5.1551594163268752e-03, -6.6219190031663842e-04,
       9.9998649282541774e-01 ]
euler2: !!opencv-matrix
   rows: 1
   cols: 3
   dt: d
   data: [ -3.7941308049957906e-02, -2.9537018555920075e-01,
       1.5490826399675678e-01 ]
range1: [ 98, 1033, 47, 1069 ]
range2: [ 95, 1027, 28, 1049 ]
multiRectis:
   - [ 2., 0., 1280., 454., 3.6892000000000002e+02,
       3.6892000000000002e+02, 6.3950000000000000e+02,
       2.2650000000000000e+02, -63. ]
   - [ 2., 0., 1280., 454., 3.6892000000000002e+02,
       3.6892000000000002e+02, 6.3950000000000000e+02,
       2.2650000000000000e+02, 0. ]
   - [ 2., 0., 1280., 454., 3.6892000000000002e+02,
       3.6892000000000002e+02, 6.3950000000000000e+02,
       2.2650000000000000e+02, 63. ]
